Point(1) = {-1.25000000000000E+00, -1.50000000000000E-02,  0.00000000000000E+00, 1.0};
Point(2) = {-1.25000000000000E+00, -7.50000000000000E-03,  0.00000000000000E+00, 1.0};
Point(3) = {-1.25000000000000E+00,  0.00000000000000E+00,  0.00000000000000E+00, 1.0};
Point(4) = {-1.25000000000000E+00,  7.50000000000000E-03,  0.00000000000000E+00, 1.0};
Point(5) = {-1.25000000000000E+00,  1.50000000000000E-02,  0.00000000000000E+00, 1.0};
Point(6) = { 1.25000000000000E+00, -1.50000000000000E-02,  0.00000000000000E+00, 1.0};
Point(7) = { 1.25000000000000E+00, -7.50000000000000E-03,  0.00000000000000E+00, 1.0};
Point(8) = { 1.25000000000000E+00,  0.00000000000000E+00,  0.00000000000000E+00, 1.0};
Point(9) = { 1.25000000000000E+00,  7.50000000000000E-03,  0.00000000000000E+00, 1.0};
Point(10) = { 1.25000000000000E+00,  1.50000000000000E-02,  0.00000000000000E+00, 1.0};
Point(11) = { 0.00000000000000E+00, -1.50000000000000E-02,  0.00000000000000E+00, 1.0};
Point(12) = { 0.00000000000000E+00,  1.50000000000000E-02,  0.00000000000000E+00, 1.0};
MeshSize {1, 2, 3, 4, 5, 6, 7, 8, 9, 10, 11, 12} =  1.38617126673949E-01;
Line(1) = {1, 2};
Line(2) = {2, 3};
Line(3) = {3, 4};
Line(4) = {4, 5};
Line(5) = {7, 6};
Line(6) = {7, 8};
Line(7) = {8, 9};
Line(8) = {9 , 10};
Line(9) = {1, 11};
Line(10) = {11, 6};
Line(11) = {5, 12};
Line(12) = {12, 10};
Physical Curve("Port1", 1) = {2, 3};
Physical Curve("Port2", 2) = {6, 7};
Physical Curve("TL", 3) = {1, 4, 5, 8, 9, 10, 11, 12};
