Point(1) = { 0.00000000000000E+00,  0.00000000000000E+00, -2.87556031142857E-02, 1.0};
Point(2) = { 0.00000000000000E+00,  0.00000000000000E+00, -6.11821342857143E-03, 1.0};
Point(3) = { 0.00000000000000E+00,  0.00000000000000E+00,  6.11821342857143E-03, 1.0};
Point(4) = { 0.00000000000000E+00,  0.00000000000000E+00,  2.87556031142857E-02, 1.0};
Line(1) = {1, 2};
Line(2) = {2, 3};
Line(3) = {3, 4};
Physical Curve("Port", 1) = {2};
Physical Curve("Wire", 2) = {1, 3};
