Point(1) = { 0.00000000000000E+00,  0.00000000000000E+00, -2.50000000000000E-01, 1.0};
Point(2) = { 0.00000000000000E+00,  0.00000000000000E+00,  0.00000000000000E+00, 1.0};
Point(3) = { 0.00000000000000E+00,  0.00000000000000E+00,  2.50000000000000E-01, 1.0};
MeshSize {1, 2, 3} =  4.76190476190476E-02;
Line(1) = {1, 2};
Line(2) = {2, 3};
