SetFactory("OpenCASCADE");
Circle(1) = { 0.00000000000000E+00,  0.00000000000000E+00,  0.00000000000000E+00,  6.36619772367581E-01,  3.74086369114780E-02,  1.57079632679490E+00};
Circle(2) = { 0.00000000000000E+00,  0.00000000000000E+00,  0.00000000000000E+00,  6.36619772367581E-01,  1.57079632679490E+00,  3.14159265358979E+00};
Circle(3) = { 0.00000000000000E+00,  0.00000000000000E+00,  0.00000000000000E+00,  6.36619772367581E-01,  3.14159265358979E+00,  4.71238898038469E+00};
Circle(4) = { 0.00000000000000E+00,  0.00000000000000E+00,  0.00000000000000E+00,  6.36619772367581E-01,  4.71238898038469E+00,  6.24577667026811E+00};
Point(9) = { 6.36174379510300E-01, -2.38095238095238E-02,  0.00000000000000E+00, 1.0};
Point(10) = { 6.36174379510300E-01,  0.00000000000000E+00,  0.00000000000000E+00, 1.0};
Point(11) = { 6.36174379510300E-01,  2.38095238095238E-02,  0.00000000000000E+00, 1.0};
MeshSize {1, 3, 5, 7} =  4.76190476190476E-02;
Line(5) = {9, 10};
Line(6) = {10, 11};
Physical Curve("Port", 1) = {5, 6};
Physical Curve("Wire", 2) = {1, 2, 3, 4};
