Point(1) = { 0.00000000000000E+00,  0.00000000000000E+00, -7.50000000000000E-02, 1.0};
Point(2) = { 0.00000000000000E+00,  0.00000000000000E+00, -7.13791566666667E-03, 1.0};
Point(3) = { 0.00000000000000E+00,  0.00000000000000E+00,  0.00000000000000E+00, 1.0};
Point(4) = { 0.00000000000000E+00,  0.00000000000000E+00,  7.13791566666667E-03, 1.0};
Point(5) = { 0.00000000000000E+00,  0.00000000000000E+00,  7.50000000000000E-02, 1.0};
MeshSize {1, 2, 3, 4, 5} =  1.42758313333333E-02;
Line(1) = {1, 2};
Line(2) = {2, 3};
Line(3) = {3, 4};
Line(4) = {4, 5};
Physical Curve("Port", 1) = {2, 3};
Physical Curve("Wire", 2) = {1, 4};
