Point(1) = {-1.25000000000000E+00, -1.50000000000000E-02,  0.00000000000000E+00};
Point(3) = {-1.25000000000000E+00,  0.00000000000000E+00,  0.00000000000000E+00};
Point(5) = {-1.25000000000000E+00,  1.50000000000000E-02,  0.00000000000000E+00};
Point(6) = { 1.25000000000000E+00, -1.50000000000000E-02,  0.00000000000000E+00};
Point(8) = { 1.25000000000000E+00,  0.00000000000000E+00,  0.00000000000000E+00};
Point(10) = { 1.25000000000000E+00,  1.50000000000000E-02,  0.00000000000000E+00};
Point(11) = { 0.00000000000000E+00, -1.50000000000000E-02,  0.00000000000000E+00};
Point(12) = { 0.00000000000000E+00,  1.50000000000000E-02,  0.00000000000000E+00};
MeshSize {11, 12} =  1.42758313333333E-01;
Line(1) = {1, 3};
Line(3) = {3, 5};
Line(6) = {6, 8};
Line(8) = {8, 10};
Line(9) = {1, 11};
Line(10) = {11, 6};
Line(11) = {5, 12};
Line(12) = {12, 10};
Physical Curve("Port1", 1) = {1, 3};
Physical Curve("Port2", 2) = {6, 8};
Physical Curve("TL", 3) = {9, 10, 11, 12};
